<?xml version="1.0"?>
<opencv_storage>
<camera_matrix type_id="opencv-matrix">
  <rows>3</rows>
  <cols>3</cols>
  <dt>d</dt>
  <data>
    1591.311073771607 0. 929.48519130346369 0. 1591.311073771607
    538.50577185796112 0. 0. 1.</data></camera_matrix>
<distortion_coefficients>
  -0.10087675591653543 0.96956175408912204 0.00046885584517469879
  0.00023501822892411751 -2.9421317665066069</distortion_coefficients>
<reprojection_error>0.33658646927649277</reprojection_error>
</opencv_storage>
